 $RESULT
SFE_SC= 78300.44928 !(J/mol)
  SFEC_SC(0)= 106833.98737
  SFEC_SC(1)= -28533.53809

SFE_SC_HNC= 90446.28200 !(J/mol)
  SFEC_SC_HNC(0)= 115949.22740
  SFEC_SC_HNC(1)= -25502.94539

SFE_GF= 51929.78826 !(J/mol)
  SFEC_GF(0)= 95012.31981
  SFEC_GF(1)= -43082.53155

SE= -36625.92715 !(J/mol)
  SE_ES= 0.00000
  SE_LJ= -36625.92715

PMV= 0.07676 !(L/mol)
Pressure= 1164013371.29286 !(J/m^3)
Correction_Term= -89354.42678 !(J/mol)
 $END
