 $RESULT
SFE_SC= 64947.90317 !(J/mol)
  SFEC_SC(0)= 225222.42542
  SFEC_SC(1)= -160274.52226

SFE_SC_HNC= 77632.16943 !(J/mol)
  SFEC_SC_HNC(0)= 234309.77297
  SFEC_SC_HNC(1)= -156677.60353

SFE_GF= 38297.33346 !(J/mol)
  SFEC_GF(0)= 213585.56196
  SFEC_GF(1)= -175288.22850

SE= -63483.55061 !(J/mol)
  SE_ES= -30176.80082
  SE_LJ= -33306.74979

PMV= 0.07647 !(L/mol)
Pressure= 1164013371.29286 !(J/m^3)
Correction_Term= -89014.86261 !(J/mol)
 $END
