 $RESULT
SFE_RMDFT= -4393.43772 !(J/mol)

SFE_SC= 66573.52045 !(J/mol)
  SFEC_SC(0)= 262461.62586
  SFEC_SC(1)= -195888.10541

SFE_GF= 39653.45450 !(J/mol)
  SFEC_GF(0)= 251216.67696
  SFEC_GF(1)= -211563.22246

PMV= 0.07604 !(L/mol)
Pressure= 1226433720.91412 !(J/m^3)
Correction_Term= -93262.40695 !(J/mol)
 $END
